145 -63
-145 -306
182 -418
43 351
-169 441
140 -178
-307 474
-128 -343
143 237
-305 218
-303 -38
-191 295
313 -216
-33 -460
-25 157
-154 -89
66 -421
485 189
-128 404
-475 -22
-124 -453
381 157
-470 171
-20 -158
-423 199
113 486
-219 200
151 374
117 197
236 -202
-388 352
-88 266
300 -29
284 369
-486 -14
-388 470
-283 399
-60 278
-235 -394
-13 75
497 -445
286 -89
-199 -375
482 -488
-265 179
-431 326
-377 -85
-255 132
-82 -483
427 20
420 409
-270 157
414 -44
-196 335
-361 -372
-469 63
307 -280
261 287
-133 -199
-341 456
-458 32
161 -295
303 251
158 -335
-333 67
-25 -328
241 -41
-418 252
409 -106
124 -79
169 134
-110 250
43 -285
206 371
-273 242
-219 -101
-29 -52
186 -365
-93 -484
154 -77
290 284
254 -40
412 -229
-217 -369
-406 -39
474 464
213 349
329 -117
-105 485
171 268
14 -210
246 123
55 -375
-232 269
449 -340
459 -64
418 -410
-433 459
-209 -130
-73 -325
364 -32
446 419
24 172
6 124
-306 416
-175 -69
251 159
69 -458
-477 188
415 199
454 -45
210 -485
367 -281
308 183
-466 -392
-389 392
-362 446
227 -29
170 116
485 -271
200 -154
16 133
-397 83
114 -272
-5 293
-149 116
-425 259
-427 -109
126 -271
339 202
96 106
-250 -482
161 429
-82 -227
-348 361
-486 -273
-173 335
-255 -110
458 -458
-79 -484
281 303
-167 342
305 209
-181 433
-9 -383
-234 175
333 -277
-485 -194
-229 -309
353 -411
-3 150
228 239
-230 6
200 480
-218 -22
-302 166
359 -214
229 -99
405 416
-466 315
-142 -20
79 250
292 182
0 -203
105 388
343 -50
-241 -423
-325 260
291 -70
399 -396
-376 -98
-400 -350
148 250
-342 -163
93 -8
119 40
-467 -72
-60 -227
438 -107
-353 456
-262 -274
-72 -82
126 480
-93 379
10 208
153 -290
355 409
43 -215
209 -210
-495 113
-386 -57
-73 -461
-287 -407
241 -236
275 -347
-278 -112
-57 301
137 494
442 292
-353 376